[gd_scene load_steps=10 format=3 uid="uid://cbrulpj4ty715"]

[ext_resource type="PackedScene" uid="uid://c7sonyxom4rb7" path="res://Block.tscn" id="1_fb0jj"]
[ext_resource type="PackedScene" uid="uid://bl0x141vio2p7" path="res://character.tscn" id="2_p8d7o"]
[ext_resource type="PackedScene" uid="uid://3xpgss2mhlv2" path="res://coin.tscn" id="5_lq82q"]

[sub_resource type="StandardMaterial3D" id="StandardMaterial3D_y0ix3"]
albedo_color = Color(0.115, 0.5, 0.24975, 1)

[sub_resource type="BoxMesh" id="BoxMesh_2fhv8"]
material = SubResource("StandardMaterial3D_y0ix3")
size = Vector3(10, 0.5, 10)

[sub_resource type="BoxShape3D" id="BoxShape3D_lt7si"]
size = Vector3(10, 0.5, 10)

[sub_resource type="ProceduralSkyMaterial" id="ProceduralSkyMaterial_7weln"]
sky_top_color = Color(1, 0.47, 0.805667, 1)
sky_horizon_color = Color(0.5246, 0.57491, 0.86, 1)
ground_horizon_color = Color(0.52549, 0.576471, 0.858824, 1)
ground_curve = 0.017411

[sub_resource type="Sky" id="Sky_ouyfw"]
sky_material = SubResource("ProceduralSkyMaterial_7weln")

[sub_resource type="Environment" id="Environment_1kqlm"]
background_mode = 2
sky = SubResource("Sky_ouyfw")

[node name="level1" type="Node3D"]
transform = Transform3D(1.00145, 0, 0, 0, 1.00145, 0, 0, 0, 1.00145, 0, 0, 0)

[node name="DirectionalLight3D" type="DirectionalLight3D" parent="."]
transform = Transform3D(1, 0, 0, 0, 0.678647, 0.734465, 0, -0.734465, 0.678647, 0, 5.54589, 6)
shadow_enabled = true

[node name="floor" type="StaticBody3D" parent="."]
transform = Transform3D(1, 0, 0, 0, 1, 0, 0, 0, 1, 0, -0.341795, 0)
metadata/_edit_group_ = true

[node name="MeshInstance3D" type="MeshInstance3D" parent="floor"]
mesh = SubResource("BoxMesh_2fhv8")

[node name="CollisionShape3D" type="CollisionShape3D" parent="floor"]
transform = Transform3D(1, 0, 0, 0, 1, 0, 0, 0, 1, -0.0287476, 0, 0)
shape = SubResource("BoxShape3D_lt7si")

[node name="Character" parent="." instance=ExtResource("2_p8d7o")]
transform = Transform3D(1, 0, 0, 0, 1, 0, 0, 0, 1, 2.63917, 0.611098, 1.45285)

[node name="Camera3D" type="Camera3D" parent="Character"]
transform = Transform3D(1, 0, 0, 0, 0.554859, 0.831944, 0, -0.831944, 0.554859, -0.174213, 1.57874, 1.60746)
fov = 105.05

[node name="assets" type="Node3D" parent="."]

[node name="coin1" parent="assets" instance=ExtResource("5_lq82q")]
transform = Transform3D(1, 0, 0, 0, 1, 0, 0, 0, 1, -2.58413, 0.742173, -1.18753)

[node name="Block1" parent="assets" instance=ExtResource("1_fb0jj")]
transform = Transform3D(0.87733, 0.390557, -0.278849, -0.0959941, 0.712157, 0.695427, 0.470188, -0.583351, 0.662288, -0.238126, 4.4768, -1.53246)

[node name="Block2" parent="assets" instance=ExtResource("1_fb0jj")]
transform = Transform3D(0.87733, 0.390557, -0.278849, 0.409613, -0.912193, 0.0111261, -0.250019, -0.123982, -0.960271, 3.07937, 3.04772, -0.80328)

[node name="WorldEnvironment" type="WorldEnvironment" parent="."]
environment = SubResource("Environment_1kqlm")
